x
1 19.3990748395794
2 22.7244852093906
3 20.0902532280695
4 21.8200535773699
5 16.5603479488402
6 14.9571604446659
7 18.3173912302981
8 22.0773393235199
9 25.0592117877207
10 24.4518387151854
11 24.1983438050156
12 25.5286401240256
13 16.6077952412672
14 16.3712129904355
15 21.04551299596
16 20.7035245141725
17 18.51697377954
18 20.4065878862839
19 18.2353776265259
20 20.3846683216461
21 19.7397927318961
22 23.2218237334015
23 29.1568861744143
24 23.7253384225837
25 19.8091196315425
26 21.2569334665521
27 22.8861094387425
28 17.1654169397511
29 26.3330733082468
30 17.4771293345083
31 23.3932918285291
32 27.1820397196877
33 21.2012323059184
34 21.5836458971112
35 20.3119974994125
36 18.20613769783
37 21.3621488235906
38 20.6540945041783
39 20.5415728423231
40 18.1293930523644
41 23.3927040862301
42 19.8967661579544
43 19.8327638185914
44 23.1352145098542
45 20.3317977879312
46 25.6732892168331
47 18.1466244462051
48 20.9236587323206
49 20.6590326626777
50 18.0949602753668
51 15.5193870767301
52 21.2604630121574
53 18.7595320541834
54 19.8052974899467
55 17.4631631989839
56 15.8087730138973
57 17.2837560089853
58 24.1115545650204
59 21.869362821651
60 19.9427712237814
61 23.3386116767334
62 18.5425694710943
63 14.4404928774188
64 16.3618098087029
65 25.1317694783276
66 19.5707778835672
67 21.2271471598421
68 19.4037295354786
69 24.7005145762598
70 22.4659414587547
71 18.735981685021
72 21.8363425928004
73 23.5877249732832
74 19.5321009326088
75 18.9020310973969
76 17.648670116745
77 22.3561269197357
78 23.0177469815541
79 20.466439589413
80 18.0304744783797
81 26.1585048059702
82 21.3859987397578
83 22.3736170307548
84 26.0745295118138
85 19.1538452786248
86 21.6214815151033
87 14.5660282560541
88 26.2713068069168
89 14.0006749822257
90 16.7263237054751
91 21.0608545851273
92 22.7582233053144
93 13.5982594972176
94 21.4471372354751
95 22.1473035436347
96 20.5470196935074
97 18.156453525877
98 18.1496950496026
99 21.4738300064387
100 26.8058954134139
101 20.6158880488209
102 18.8820182682996
103 22.8263438208847
104 19.0568180420629
105 20.104077231507
106 20.5652526103956
107 22.2954542189559
108 20.4463064033678
109 19.1930061793896
110 18.3432554937752
111 24.2450833629498
112 22.56977103052
113 16.8383754893368
114 19.5104046891308
115 26.0449601194071
116 18.166367197888
117 23.5339540029579
118 16.9848571365773
119 19.1846943936158
120 21.318695941384
121 20.3236182554441
122 17.9012169657802
123 17.8305194399262
124 19.3313175158777
125 26.7476750303075
126 21.4492493878244
127 23.4390390368733
128 19.6848722130335
129 19.1039128564143
130 20.0286083265463
131 23.0675428701708
132 18.3676996917915
133 20.650268862093
134 20.6405584586313
135 20.9774872488088
136 0.5
137 0.5
138 0.5
139 0.5
140 0.5
141 0.5
142 0.5
143 0.5
144 0.5
145 0.5
146 0.5
147 0.5
148 0.5
149 0.5
150 0.5
